,State,City,Date Sown,Variety,Date of Cut,Julian Day,Yield (tons/acre),Time Since Sown (Days),Time Since Last Harvest (Days),Total Radiation (MJ/m^2),Total Rainfall (mm),Avg Air Temp (C),Avg Min Temp (C),Avg Max Temp (C),Avg Soil Moisture (%),Harvested in Sown Year,First Date of Season,Percent Cover (%),,Class
0,Georgia,Athens,10/10/2007,TS 4010,5/6/2008,127,2.02,209,209,922.9,98.288,14.8864,8.691,21.1202,0.15088,0,1,NA,,3
1,Georgia,Athens,10/10/2007,TS 4010,6/20/2008,172,0.47,254,45,1045.84,85.106,23.02977778,16.89888889,29.45133333,0.1252,0,0,NA,,1
2,Georgia,Athens,10/10/2007,TS 4010,8/28/2008,241,0.1,323,69,953.74,134.634,25.7098,20.6416,31.9352,0.1077,0,0,NA,,1
3,Georgia,Athens,10/10/2007,TS 4010,12/5/2008,340,0.76,422,99,622.84,95.254,9.7902,3.9436,16.041,0.13408,0,0,90.91534392,,2
93,Georgia,Athens,10/10/2007,TS 4010,5/6/2009,126,1.14,574,151,871.67,236.224,15.3534,9.3272,21.4102,0.15866,0,1,87.6984127,,2
94,Georgia,Athens,10/10/2007,TS 4010,6/26/2009,177,1.13,625,51,1013.91,88.134,23.1086,18.148,29.072,0.1306,0,0,86.61904762,,2
95,Georgia,Athens,10/10/2007,TS 4010,8/6/2009,218,0.92,666,41,897.29,53.594,25.55829268,20.13487805,31.82756098,0.098097561,0,0,85.75132275,,2
96,Georgia,Athens,10/10/2007,TS 4010,9/8/2009,251,0.84,699,33,611.29,99.826,24.33060606,19.49272727,30.24545455,0.116666667,0,0,85.05291005,,2
97,Georgia,Athens,10/10/2007,TS 4010,10/22/2009,295,0.9,743,44,521.47,447.78,18.54113636,14.44659091,23.55113636,0.162522727,0,0,84.12169312,,2
138,Georgia,Athens,10/10/2007,TS 4010,4/23/2010,113,0.61,926,183,885.11,76.198,13.9814,7.3202,20.5942,0.1445,0,1,74.1557377,,1
139,Georgia,Athens,10/10/2007,TS 4010,6/16/2010,167,1.39,980,54,1045.9,193.304,22.4546,17.2004,28.3842,0.14282,0,0,70.48196721,,3
140,Georgia,Athens,10/10/2007,TS 4010,7/13/2010,194,0.98,1007,27,614.49,148.828,26.49259259,21.29185185,32.63814815,0.143888889,0,0,68.64508197,,2
141,Georgia,Athens,10/10/2007,TS 4010,8/20/2010,232,2.47,1045,38,744.94,238.752,27.20263158,22.90263158,33.13815789,0.118289474,0,0,66.05983607,,3
142,Georgia,Athens,10/10/2007,TS 4010,11/1/2010,305,0.58,1118,73,802.31,190.746,19.2948,12.6746,26.917,0.11228,0,0,61.09344262,,1
143,Georgia,Athens,10/10/2007,Attention II,4/23/2010,113,0.67,926,183,885.11,76.198,13.9814,7.3202,20.5942,0.1445,0,1,83.92896175,,1
144,Georgia,Athens,10/10/2007,Attention II,6/16/2010,167,1.55,980,54,1045.9,193.304,22.4546,17.2004,28.3842,0.14282,0,0,83.89945355,,3
145,Georgia,Athens,10/10/2007,Attention II,7/13/2010,194,1.21,1007,27,614.49,148.828,26.49259259,21.29185185,32.63814815,0.143888889,0,0,83.88469945,,3
146,Georgia,Athens,10/10/2007,Attention II,8/20/2010,232,2.17,1045,38,744.94,238.752,27.20263158,22.90263158,33.13815789,0.118289474,0,0,83.86393443,,3
168,Georgia,Midville,11/1/2007,PGI 801,5/6/2008,127,1.31,187,187,1001.01,147.574,16.5908,10.177,23.4432,0.20836,0,1,NA,,3
169,Georgia,Midville,11/1/2007,PGI 801,6/9/2008,161,1.2,221,34,848.77,92.72,23.67147059,17.56764706,30.27588235,0.206176471,0,0,NA,,3
170,Georgia,Midville,11/1/2007,PGI 801,7/23/2008,205,1.14,265,44,1050.64,117.354,26.37795455,20.74068182,33.53659091,0.160363636,0,0,NA,,2
171,Georgia,Midville,11/1/2007,PGI 801,9/5/2008,249,1.17,309,44,873.37,171.966,26.09136364,21.6125,32.44886364,0.189909091,0,0,NA,,2
172,Georgia,Midville,11/1/2007,PGI 801,11/20/2008,325,0.38,385,76,690.13,70.36,15.0712,8.7542,22.1626,0.18154,0,0,NA,,1
213,Georgia,Midville,11/1/2007,GA-505,4/15/2009,105,0.8,531,145,817.34,285.736,14.2048,8.3222,20.541,0.20838,0,1,NA,,2
214,Georgia,Midville,11/1/2007,GA-505,5/15/2009,135,0.69,561,30,635.79,108.994,20.71833333,14.50233333,27.18333333,0.201366667,0,0,NA,,1
215,Georgia,Midville,11/1/2007,GA-505,6/25/2009,176,0.35,602,41,849.13,183.892,24.74195122,20.01609756,30.60439024,0.188926829,0,0,NA,,1
216,Georgia,Midville,11/1/2007,GA-505,8/14/2009,226,0.56,652,50,1097.84,162.048,26.678,21.5494,33.1964,0.16648,0,0,NA,,1
249,Georgia,Tifton,2/21/2008,Hybri Force 600,6/18/2008,170,0.9,118,118,1261.64,83.558,23.9276,18.262,30.0158,0.10612,1,1,NA,,2
250,Georgia,Tifton,2/21/2008,Hybri Force 600,7/30/2008,212,0.7,160,42,950.4,104.382,25.85238095,21.29904762,32.04380952,0.097142857,1,0,NA,,1
251,Georgia,Tifton,2/21/2008,Hybri Force 600,9/10/2008,254,1.23,202,42,796.16,313.892,25.73333333,21.86714286,30.93047619,0.122833333,1,0,NA,,3
252,Georgia,Tifton,2/21/2008,Hybri Force 600,11/11/2008,316,0.5,264,62,801.86,163.046,17.7974,12.3276,24.0582,0.1406,1,0,NA,,1
289,Georgia,Tifton,2/21/2008,BaraWet 501,4/7/2009,97,1.02,411,146,814.55,402.9,14.1446,8.7024,20.0602,0.16648,0,1,NA,,2
290,Georgia,Tifton,2/21/2008,BaraWet 501,5/7/2009,127,0.84,441,30,700.05,99.818,19.484,13.758,25.255,0.1653,0,0,NA,,2
291,Georgia,Tifton,2/21/2008,BaraWet 501,6/17/2009,168,1.3,482,41,818.95,170.686,23.79317073,19.56804878,29.00121951,0.166853659,0,0,NA,,3
292,Georgia,Tifton,2/21/2008,BaraWet 501,7/30/2009,211,1.27,525,43,1014.1,175.77,26.90860465,22.19534884,32.54325581,0.110348837,0,0,NA,,3
293,Georgia,Tifton,2/21/2008,BaraWet 501,9/18/2009,261,0.96,575,50,963.67,222.754,25.468,21.4778,30.9894,0.11718,0,0,NA,,2
294,Georgia,Tifton,2/21/2008,BaraWet 501,11/4/2009,308,0.47,622,47,676.75,125.986,20.91042553,16.06361702,26.61702128,0.122914894,0,0,84,,1
295,Georgia,Tifton,2/21/2008,BaraWet 501,12/7/2009,341,0.06,655,33,332.68,125.982,13.36,8.083636364,18.86575758,0.162939394,0,0,84.17368421,,1
359,Georgia,Tifton,2/21/2008,Bulldog 805,5/6/2010,126,1.28,805,149,1019.92,224.58,18.2468,12.3394,24.1904,0.15262,0,1,82.45560641,,3
360,Georgia,Tifton,2/21/2008,Bulldog 805,6/20/2010,171,1.27,850,45,1094.05,89.414,25.44977778,20.34777778,31.42155556,0.118066667,0,0,82.32173913,,3
361,Georgia,Tifton,2/21/2008,Bulldog 805,7/30/2010,211,0.64,890,40,925.98,132.082,27.48725,22.856,33.475,0.106325,0,0,82.202746,,1
362,Georgia,Tifton,2/21/2008,Bulldog 805,9/13/2010,256,0.68,935,45,896.06,96.014,27.45044444,23.15,33.35577778,0.099488889,0,0,82.06887872,,1
363,Georgia,Tifton,2/21/2008,Bulldog 805,10/12/2010,285,0.1,964,29,538.37,56.642,22.80103448,16.54793103,29.56137931,0.10037931,0,0,81.9826087,,1
364,Georgia,Tifton,2/21/2008,Bulldog 805,11/17/2010,321,0.06,1000,36,547.84,71.882,17.49444444,10.74777778,24.84416667,0.095333333,0,0,81.87551487,,1
